14.6780 219 STAB_ATTITUDE_MFC 0.000000 0.000000 0.000000 0.000000 0.000000 0.000000 0.000000 0 0 0
14.7780 219 STAB_ATTITUDE_MFC 0.000000 0.000000 0.000000 0.000000 0.000000 0.000000 0.000000 0 0 0
14.8780 219 STAB_ATTITUDE_MFC 0.000000 0.000000 0.000000 0.000000 0.000000 0.000000 0.000000 0 0 0
14.9780 219 STAB_ATTITUDE_MFC 0.000000 0.000000 0.000000 0.000000 0.000000 0.000000 0.000000 0 0 0
15.0780 219 STAB_ATTITUDE_MFC 0.000000 0.000000 0.000000 0.000000 0.000000 0.000000 0.000000 0 0 0
15.1780 219 STAB_ATTITUDE_MFC 0.000000 0.000000 0.000000 0.000000 0.000000 0.000000 0.000000 0 0 0
15.2780 219 STAB_ATTITUDE_MFC 0.000000 0.000000 0.000000 0.000000 0.000000 0.000000 0.000000 0 0 0
15.3780 219 STAB_ATTITUDE_MFC 0.000000 0.000000 0.000000 0.000000 0.000000 0.000000 0.000000 0 0 0
15.4780 219 STAB_ATTITUDE_MFC 0.000000 0.000000 0.000000 0.000000 0.000000 0.000000 0.000000 0 0 0
15.5780 219 STAB_ATTITUDE_MFC 0.000000 0.000000 0.000000 0.000000 0.000000 0.000000 0.000000 0 0 0
15.6780 219 STAB_ATTITUDE_MFC 0.000000 0.000000 0.000000 0.000000 0.000000 0.000000 0.000000 0 0 0
15.7780 219 STAB_ATTITUDE_MFC 0.000000 0.000000 0.000000 0.000000 0.000000 0.000000 0.000000 0 0 0
15.8780 219 STAB_ATTITUDE_MFC 0.000000 0.000000 0.000000 0.000000 0.000000 0.000000 0.000000 0 0 0
15.9780 219 STAB_ATTITUDE_MFC 0.000000 0.000000 0.000000 0.000000 0.000000 0.000000 0.000000 0 0 0
16.0780 219 STAB_ATTITUDE_MFC 0.000000 0.000000 0.000000 0.000000 0.000000 0.000000 0.000000 0 0 0
16.1780 219 STAB_ATTITUDE_MFC 0.000000 0.000000 0.000000 0.000000 0.000000 0.000000 0.000000 0 0 0
16.2780 219 STAB_ATTITUDE_MFC 0.000000 0.000000 0.000000 0.000000 0.000000 0.000000 0.000000 0 0 0
16.3780 219 STAB_ATTITUDE_MFC 0.000000 0.000000 0.000000 0.000000 0.000000 0.000000 0.000000 0 0 0
16.4780 219 STAB_ATTITUDE_MFC 0.000000 0.000000 0.000000 0.000000 0.000000 0.000000 0.000000 0 0 0
16.5780 219 STAB_ATTITUDE_MFC 0.000000 0.000000 0.000000 0.000000 0.000000 0.000000 0.000000 0 0 0
16.6780 219 STAB_ATTITUDE_MFC 0.000000 0.000000 0.000000 0.000000 0.000000 0.000000 0.000000 0 0 0
16.7780 219 STAB_ATTITUDE_MFC 0.000000 0.000000 0.000000 0.000000 0.000000 0.000000 0.000000 0 0 0
16.8780 219 STAB_ATTITUDE_MFC 0.000000 0.000000 0.000000 0.000000 0.000000 0.000000 0.000000 0 0 0
16.9780 219 STAB_ATTITUDE_MFC 0.000000 0.000000 0.000000 0.000000 0.000000 0.000000 0.000000 0 0 0
17.0780 219 STAB_ATTITUDE_MFC 0.000000 0.000000 0.000000 0.000000 0.000000 0.000000 0.000000 0 0 0
17.1780 219 STAB_ATTITUDE_MFC 0.000000 0.000000 0.000000 0.000000 0.000000 0.000000 0.000000 0 0 0
17.2780 219 STAB_ATTITUDE_MFC 0.000000 0.000000 0.000000 0.000000 0.000000 0.000000 0.000000 0 0 0
17.3780 219 STAB_ATTITUDE_MFC 0.000000 0.000000 0.000000 0.000000 0.000000 0.000000 0.000000 0 0 0
17.4780 219 STAB_ATTITUDE_MFC 0.000000 0.000000 0.000000 0.000000 0.000000 0.000000 0.000000 0 0 0
17.5780 219 STAB_ATTITUDE_MFC 0.000000 0.000000 0.000000 0.000000 0.000000 0.000000 0.000000 0 0 0
17.6780 219 STAB_ATTITUDE_MFC 0.000000 0.000000 0.000000 0.000000 0.000000 0.000000 0.000000 0 0 0
17.7780 219 STAB_ATTITUDE_MFC 0.000000 0.000000 0.000000 0.000000 0.000000 0.000000 0.000000 0 0 0
17.8780 219 STAB_ATTITUDE_MFC 0.000000 0.000000 0.000000 0.000000 0.000000 0.000000 0.000000 0 0 0
17.9780 219 STAB_ATTITUDE_MFC 0.000000 0.000000 0.000000 0.000000 0.000000 0.000000 0.000000 0 0 0
18.0780 219 STAB_ATTITUDE_MFC 0.000000 0.000000 0.000000 0.000000 0.000000 0.000000 0.000000 0 0 0
18.1780 219 STAB_ATTITUDE_MFC 0.000000 0.000000 0.000000 0.000000 0.000000 0.000000 0.000000 0 0 0
18.2780 219 STAB_ATTITUDE_MFC 0.000000 0.000000 0.000000 0.000000 0.000000 0.000000 0.000000 0 0 0
18.3780 219 STAB_ATTITUDE_MFC 0.000000 0.000000 0.000000 0.000000 0.000000 0.000000 0.000000 0 0 0
18.4780 219 STAB_ATTITUDE_MFC 0.000000 0.000000 0.000000 0.000000 0.000000 0.000000 0.000000 0 0 0
18.5780 219 STAB_ATTITUDE_MFC 0.000000 0.000000 0.000000 0.000000 0.000000 0.000000 0.000000 0 0 0
18.6780 219 STAB_ATTITUDE_MFC 0.000000 0.000000 0.000000 0.000000 0.000000 0.000000 0.000000 0 0 0
18.7780 219 STAB_ATTITUDE_MFC 0.000000 0.000000 0.000000 0.000000 0.000000 0.000000 0.000000 0 0 0
18.8780 219 STAB_ATTITUDE_MFC 0.000000 0.000000 0.000000 0.000000 0.000000 0.000000 0.000000 0 0 0
18.9780 219 STAB_ATTITUDE_MFC 0.000000 0.000000 0.000000 0.000000 0.000000 0.000000 0.000000 0 0 0
19.0780 219 STAB_ATTITUDE_MFC 0.000000 0.000000 0.000000 0.000000 0.000000 0.000000 0.000000 0 0 0
19.1780 219 STAB_ATTITUDE_MFC 0.000000 0.000000 0.000000 0.000000 0.000000 0.000000 0.000000 0 0 0
19.2780 219 STAB_ATTITUDE_MFC 0.000000 0.000000 0.000000 0.000000 0.000000 0.000000 0.000000 0 0 0
19.3780 219 STAB_ATTITUDE_MFC 0.000000 0.000000 0.000000 0.000000 0.000000 0.000000 0.000000 0 0 0
19.4780 219 STAB_ATTITUDE_MFC 0.000000 0.000000 0.000000 0.000000 0.000000 0.000000 0.000000 0 0 0
19.5780 219 STAB_ATTITUDE_MFC 0.000000 0.000000 0.000000 0.000000 0.000000 0.000000 0.000000 0 0 0
19.6780 219 STAB_ATTITUDE_MFC 0.000000 0.000000 0.000000 0.000000 0.000000 0.000000 0.000000 0 0 0
19.7780 219 STAB_ATTITUDE_MFC 0.000000 0.000000 0.000000 0.000000 0.000000 0.000000 0.000000 0 0 0
19.8780 219 STAB_ATTITUDE_MFC 0.000000 0.000000 0.000000 0.000000 0.000000 0.000000 0.000000 0 0 0
19.9780 219 STAB_ATTITUDE_MFC 0.000000 0.000000 0.000000 0.000000 0.000000 0.000000 0.000000 0 0 0
20.0780 219 STAB_ATTITUDE_MFC 0.000000 0.000000 0.000000 0.000000 0.000000 0.000000 0.000000 0 0 0
20.1780 219 STAB_ATTITUDE_MFC 0.000000 0.000000 0.000000 0.000000 0.000000 0.000000 0.000000 0 0 0
20.2780 219 STAB_ATTITUDE_MFC 0.000000 0.000000 0.000000 0.000000 0.000000 0.000000 0.000000 0 0 0
20.3780 219 STAB_ATTITUDE_MFC 0.000000 0.000000 0.000000 0.000000 0.000000 0.000000 0.000000 0 0 0
20.4780 219 STAB_ATTITUDE_MFC 0.000000 0.000000 0.000000 0.000000 0.000000 0.000000 0.000000 0 0 0
20.5780 219 STAB_ATTITUDE_MFC 0.000000 0.000000 0.000000 0.000000 0.000000 0.000000 0.000000 0 0 0
20.6780 219 STAB_ATTITUDE_MFC 0.000000 0.000000 0.000000 0.000000 0.000000 0.000000 0.000000 0 0 0
20.7780 219 STAB_ATTITUDE_MFC 0.000000 0.000000 0.000000 0.000000 0.000000 0.000000 0.000000 0 0 0
20.8780 219 STAB_ATTITUDE_MFC 0.000000 0.000000 0.000000 0.000000 0.000000 0.000000 0.000000 0 0 0
20.9780 219 STAB_ATTITUDE_MFC 0.000000 0.000000 0.000000 0.000000 0.000000 0.000000 0.000000 0 0 0
21.0780 219 STAB_ATTITUDE_MFC 0.000000 0.000000 0.000000 0.000000 0.000000 0.000000 0.000000 0 0 0
21.1780 219 STAB_ATTITUDE_MFC 0.000000 0.000000 0.000000 0.000000 0.000000 0.000000 0.000000 0 0 0
21.2780 219 STAB_ATTITUDE_MFC 0.000000 0.000000 0.000000 0.000000 0.000000 0.000000 0.000000 0 0 0
21.3780 219 STAB_ATTITUDE_MFC 0.000000 0.000000 0.000000 0.000000 0.000000 0.000000 0.000000 0 0 0
21.4780 219 STAB_ATTITUDE_MFC 0.000000 0.000000 0.000000 0.000000 0.000000 0.000000 0.000000 0 0 0
21.5780 219 STAB_ATTITUDE_MFC 0.000000 0.000000 0.000000 0.000000 0.000000 0.000000 0.000000 0 0 0
21.6780 219 STAB_ATTITUDE_MFC 0.000000 0.000000 0.000000 0.000000 0.000000 0.000000 0.000000 0 0 0
21.7780 219 STAB_ATTITUDE_MFC 0.000000 0.000000 0.000000 0.000000 0.000000 0.000000 0.000000 0 0 0
21.8780 219 STAB_ATTITUDE_MFC 0.000000 0.000000 0.000000 0.000000 0.000000 0.000000 0.000000 0 0 0
21.9780 219 STAB_ATTITUDE_MFC 0.000000 0.000000 0.000000 0.000000 0.000000 0.000000 0.000000 0 0 0
22.0780 219 STAB_ATTITUDE_MFC 0.000000 0.000000 0.000000 0.000000 0.000000 0.000000 0.000000 0 0 0
22.1780 219 STAB_ATTITUDE_MFC 0.000000 0.000000 0.000000 0.000000 0.000000 0.000000 0.000000 0 0 0
22.2780 219 STAB_ATTITUDE_MFC 0.000000 0.000000 0.000000 0.000000 0.000000 0.000000 0.000000 0 0 0
22.3780 219 STAB_ATTITUDE_MFC 0.000000 0.000000 0.000000 0.000000 0.000000 0.000000 0.000000 0 0 0
22.4780 219 STAB_ATTITUDE_MFC 0.000000 0.000000 0.000000 0.000000 0.000000 0.000000 0.000000 0 0 0
22.5780 219 STAB_ATTITUDE_MFC 0.000000 0.000000 0.000000 0.000000 0.000000 0.000000 0.000000 0 0 0
22.6780 219 STAB_ATTITUDE_MFC 0.000000 0.000000 0.000000 0.000000 0.000000 0.000000 0.000000 0 0 0
22.7780 219 STAB_ATTITUDE_MFC 0.000000 0.000000 0.000000 0.000000 0.000000 0.000000 0.000000 0 0 0
22.8780 219 STAB_ATTITUDE_MFC 0.000000 0.000000 0.000000 0.000000 0.000000 0.000000 0.000000 0 0 0
22.9780 219 STAB_ATTITUDE_MFC 0.000000 0.000000 0.000000 0.000000 0.000000 0.000000 0.000000 0 0 0
23.0780 219 STAB_ATTITUDE_MFC 0.000000 0.000000 0.000000 0.000000 0.000000 0.000000 0.000000 0 0 0
23.1780 219 STAB_ATTITUDE_MFC 0.000000 0.000000 0.000000 0.000000 0.000000 0.000000 0.000000 0 0 0
23.2780 219 STAB_ATTITUDE_MFC 0.000000 0.000000 0.000000 0.000000 0.000000 0.000000 0.000000 0 0 0
23.3780 219 STAB_ATTITUDE_MFC 0.000000 0.000000 0.000000 0.000000 0.000000 0.000000 0.000000 0 0 0
23.4780 219 STAB_ATTITUDE_MFC 0.000000 0.000000 0.000000 0.000000 0.000000 0.000000 0.000000 0 0 0
23.5780 219 STAB_ATTITUDE_MFC 0.000000 0.000000 0.000000 0.000000 0.000000 0.000000 0.000000 0 0 0
23.6780 219 STAB_ATTITUDE_MFC 0.000000 0.000000 0.000000 0.000000 0.000000 0.000000 0.000000 0 0 0
23.7780 219 STAB_ATTITUDE_MFC 0.000000 0.000000 0.000000 0.000000 0.000000 0.000000 0.000000 0 0 0
23.8780 219 STAB_ATTITUDE_MFC 0.000000 0.000000 0.000000 0.000000 0.000000 0.000000 0.000000 0 0 0
23.9780 219 STAB_ATTITUDE_MFC 0.000000 0.000000 0.000000 0.000000 0.000000 0.000000 0.000000 0 0 0
24.0780 219 STAB_ATTITUDE_MFC 0.000000 0.000000 0.000000 0.000000 0.000000 0.000000 0.000000 0 0 0
24.1780 219 STAB_ATTITUDE_MFC 0.000000 0.000000 0.000000 0.000000 0.000000 0.000000 0.000000 0 0 0
24.2780 219 STAB_ATTITUDE_MFC 0.000000 0.000000 0.000000 0.000000 0.000000 0.000000 0.000000 0 0 0
24.3780 219 STAB_ATTITUDE_MFC 0.000000 0.000000 0.000000 0.000000 0.000000 0.000000 0.000000 0 0 0
24.4780 219 STAB_ATTITUDE_MFC 0.000000 0.000000 0.000000 0.000000 0.000000 0.000000 0.000000 0 0 0
24.5780 219 STAB_ATTITUDE_MFC 0.000000 0.000000 0.000000 0.000000 0.000000 0.000000 0.000000 0 0 0
24.6780 219 STAB_ATTITUDE_MFC 0.000000 0.000000 0.000000 0.000000 0.000000 0.000000 0.000000 0 0 0
24.7780 219 STAB_ATTITUDE_MFC 0.000000 0.000000 0.000000 0.000000 0.000000 0.000000 0.000000 0 0 0
24.8780 219 STAB_ATTITUDE_MFC 0.000000 0.000000 0.000000 0.000000 0.000000 0.000000 0.000000 0 0 0
24.9780 219 STAB_ATTITUDE_MFC 0.000000 0.000000 0.000000 0.000000 0.000000 0.000000 0.000000 0 0 0
25.0780 219 STAB_ATTITUDE_MFC 0.000000 0.000000 0.000000 0.000000 0.000000 0.000000 0.000000 0 0 0
25.1780 219 STAB_ATTITUDE_MFC 0.000000 0.000000 0.000000 0.000000 0.000000 0.000000 0.000000 0 0 0
25.2780 219 STAB_ATTITUDE_MFC 0.000000 0.000000 0.000000 0.000000 0.000000 0.000000 0.000000 0 0 0
25.3780 219 STAB_ATTITUDE_MFC 0.004000 25.374100 0.000000 -0.006338 -0.006286 0.000051 0.000000 0 0 0
25.4780 219 STAB_ATTITUDE_MFC 0.104000 25.374100 0.000000 -0.004940 -0.006129 -0.001189 0.000000 0 0 0
25.5780 219 STAB_ATTITUDE_MFC 0.204000 25.374100 0.000000 -0.003110 -0.004785 -0.001676 0.000000 0 0 0
25.6780 219 STAB_ATTITUDE_MFC 0.304000 25.374100 0.000000 -0.001776 -0.007940 -0.006164 -1.000000 -1 1 0
25.7780 219 STAB_ATTITUDE_MFC 0.404000 25.374100 0.000000 -0.000959 -0.030619 -0.029661 -12.000000 -12 12 0
25.8780 219 STAB_ATTITUDE_MFC 0.504000 25.374100 0.000000 -0.000499 -0.045876 -0.045377 -20.000000 -20 20 0
25.9780 219 STAB_ATTITUDE_MFC 0.604000 25.374100 0.000000 -0.000253 -0.045286 -0.045033 -19.000000 -19 19 0
26.0780 219 STAB_ATTITUDE_MFC 0.704000 25.374100 0.000000 -0.000126 -0.032566 -0.032440 -11.000000 -11 11 0
26.1780 219 STAB_ATTITUDE_MFC 0.804000 25.374100 0.000000 -0.000062 -0.021044 -0.020983 -3.000000 -3 3 0
26.2780 219 STAB_ATTITUDE_MFC 0.904000 25.374100 0.000000 -0.000030 -0.010188 -0.010158 2.000000 2 0 2
26.3780 219 STAB_ATTITUDE_MFC 1.004000 25.374100 0.000000 -0.000014 -0.015519 -0.015504 0.000000 0 0 0
26.4780 219 STAB_ATTITUDE_MFC 1.104000 25.374100 0.000000 -0.000007 -0.057826 -0.057819 -19.000000 -19 19 0
26.5780 219 STAB_ATTITUDE_MFC 1.204000 25.374100 0.000000 -0.000003 -0.202552 -0.202549 -88.000000 -88 88 0
26.6780 219 STAB_ATTITUDE_MFC 1.304000 25.374100 0.000000 -0.000002 -0.525967 -0.525966 -250.000000 -250 250 0
26.7780 219 STAB_ATTITUDE_MFC 1.404000 25.374100 0.000000 -0.000001 -0.897104 -0.897103 -445.000000 -445 445 0
26.8780 219 STAB_ATTITUDE_MFC 1.504000 25.374100 0.000000 -0.000000 -1.058628 -1.058628 -539.000000 -539 539 0
26.9780 219 STAB_ATTITUDE_MFC 1.604000 25.374100 0.000000 -0.000000 -0.869073 -0.869073 -452.000000 -452 452 0
27.0780 219 STAB_ATTITUDE_MFC 1.704000 25.374100 0.000000 -0.000000 -0.401026 -0.401026 -212.000000 -212 212 0
27.1780 219 STAB_ATTITUDE_MFC 1.804000 25.374100 0.000000 -0.000000 0.118203 0.118203 59.000000 59 0 59
27.2780 219 STAB_ATTITUDE_MFC 1.904000 25.374100 0.000000 -0.000000 0.511633 0.511633 271.000000 271 0 271
27.3780 219 STAB_ATTITUDE_MFC 2.003999 25.374100 0.000000 -0.000000 0.577503 0.577503 317.000000 317 0 317
27.4780 219 STAB_ATTITUDE_MFC 2.104000 25.374100 0.000000 -0.000000 0.338497 0.338497 201.000000 201 0 201
27.5780 219 STAB_ATTITUDE_MFC 2.204000 25.374100 0.000000 -0.000000 -0.174315 -0.174315 -57.000000 -57 57 0
27.6780 219 STAB_ATTITUDE_MFC 2.304000 25.374100 0.000000 -0.000000 -0.711961 -0.711961 -338.000000 -338 338 0
27.7780 219 STAB_ATTITUDE_MFC 2.404000 25.374100 0.000000 -0.000000 -1.073946 -1.073946 -533.000000 -533 533 0
27.8780 219 STAB_ATTITUDE_MFC 2.503999 25.374100 0.000000 -0.000000 -1.156957 -1.156957 -587.000000 -587 587 0
27.9780 219 STAB_ATTITUDE_MFC 2.604000 25.374100 0.000000 -0.000000 -0.878642 -0.878642 -454.000000 -454 454 0
28.0780 219 STAB_ATTITUDE_MFC 2.704000 25.374100 0.000000 -0.000000 -0.334947 -0.334947 -177.000000 -177 177 0
28.1780 219 STAB_ATTITUDE_MFC 2.804000 25.374100 0.000000 -0.000000 0.214549 0.214549 111.000000 111 0 111
28.2780 219 STAB_ATTITUDE_MFC 2.904000 25.374100 0.000000 -0.000000 0.551082 0.551082 296.000000 296 0 296
28.3780 219 STAB_ATTITUDE_MFC 3.003999 25.374100 0.000000 -0.000000 0.488841 0.488841 278.000000 278 0 278
28.4780 219 STAB_ATTITUDE_MFC 3.104000 25.374100 0.000000 -0.000000 0.095641 0.095641 83.000000 83 0 83
28.5780 219 STAB_ATTITUDE_MFC 3.204000 25.374100 0.000000 -0.000000 -0.469254 -0.469254 -206.000000 -206 206 0
28.6780 219 STAB_ATTITUDE_MFC 3.304000 25.374100 0.000000 -0.000000 -0.969607 -0.969607 -469.000000 -469 469 0
28.7780 219 STAB_ATTITUDE_MFC 3.404000 25.374100 0.000000 -0.000000 -1.242363 -1.242363 -619.000000 -619 619 0
28.8780 219 STAB_ATTITUDE_MFC 3.503999 25.374100 0.000000 -0.000000 -1.204566 -1.204566 -610.000000 -610 610 0
28.9780 219 STAB_ATTITUDE_MFC 3.604000 25.374100 0.000000 -0.000000 -0.840096 -0.840096 -431.000000 -431 431 0
29.0780 219 STAB_ATTITUDE_MFC 3.704000 25.374100 0.000000 -0.000000 -0.237391 -0.237391 -123.000000 -123 123 0
29.1780 219 STAB_ATTITUDE_MFC 3.803999 25.374100 0.000000 -0.000000 0.351612 0.351612 186.000000 186 0 186
29.2780 219 STAB_ATTITUDE_MFC 3.904000 25.374100 0.000000 -0.000000 0.719162 0.719162 383.000000 383 0 383
29.3780 219 STAB_ATTITUDE_MFC 4.004000 25.374100 0.000000 -0.000000 0.892273 0.892273 477.000000 477 0 477
29.4780 219 STAB_ATTITUDE_MFC 4.104000 25.374100 0.000000 -0.000000 0.897422 0.897422 484.000000 484 0 484
29.5780 219 STAB_ATTITUDE_MFC 4.204000 25.374100 0.000000 -0.000000 0.798368 0.798368 433.000000 433 0 433
29.6780 219 STAB_ATTITUDE_MFC 4.303999 25.374100 0.000000 -0.000000 0.684621 0.684621 372.000000 372 0 372
29.7780 219 STAB_ATTITUDE_MFC 4.403999 25.374100 0.000000 -0.000000 0.623403 0.623403 336.000000 336 0 336
29.8780 219 STAB_ATTITUDE_MFC 4.504000 25.374100 0.000000 -0.000000 0.634818 0.634818 338.000000 338 0 338
29.9780 219 STAB_ATTITUDE_MFC 4.604000 25.374100 0.000000 -0.000000 0.669357 0.669357 354.000000 354 0 354
30.0780 219 STAB_ATTITUDE_MFC 4.704000 25.374100 0.000000 -0.000000 0.684446 0.684446 361.000000 361 0 361
30.1780 219 STAB_ATTITUDE_MFC 4.803999 25.374100 0.000000 -0.000000 0.665308 0.665308 350.000000 350 0 350
30.2780 219 STAB_ATTITUDE_MFC 4.903999 25.374100 0.000000 -0.000000 0.628846 0.628846 331.000000 331 0 331
30.3780 219 STAB_ATTITUDE_MFC 5.004000 25.374100 0.000000 -0.000000 0.437391 0.437391 239.000000 239 0 239
30.4780 219 STAB_ATTITUDE_MFC 5.104000 25.374100 0.000000 -0.000000 0.056702 0.056702 47.000000 47 0 47
30.5780 219 STAB_ATTITUDE_MFC 5.204000 25.374100 0.000000 -0.000000 -0.418395 -0.418395 -195.000000 -195 195 0
30.6780 219 STAB_ATTITUDE_MFC 5.303999 25.374100 0.000000 -0.000000 -0.894873 -0.894873 -442.000000 -442 442 0
30.7780 219 STAB_ATTITUDE_MFC 5.403999 25.374100 0.000000 -0.000000 -1.176047 -1.176047 -596.000000 -596 596 0
30.8780 219 STAB_ATTITUDE_MFC 5.504000 25.374100 0.000000 -0.000000 -1.185024 -1.185024 -607.000000 -607 607 0
30.9780 219 STAB_ATTITUDE_MFC 5.604000 25.374100 0.000000 -0.000000 -1.116008 -1.116008 -569.000000 -569 569 0
31.0780 219 STAB_ATTITUDE_MFC 5.704000 25.374100 0.000000 -0.000000 -1.114545 -1.114545 -564.000000 -564 564 0
31.1780 219 STAB_ATTITUDE_MFC 5.803999 25.374100 0.000000 -0.000000 -1.122818 -1.122818 -567.000000 -567 567 0
31.2780 219 STAB_ATTITUDE_MFC 5.903999 25.374100 0.000000 -0.000000 -1.093508 -1.093508 -551.000000 -551 551 0
31.3780 219 STAB_ATTITUDE_MFC 6.004000 25.374100 0.000000 -0.000000 -1.041337 -1.041337 -523.000000 -523 523 0
31.4780 219 STAB_ATTITUDE_MFC 6.104000 25.374100 0.000000 -0.000000 -1.004080 -1.004080 -500.000000 -500 500 0
31.5780 219 STAB_ATTITUDE_MFC 6.204000 25.374100 0.000000 -0.000000 -0.997084 -0.997084 -495.000000 -495 495 0
31.6780 219 STAB_ATTITUDE_MFC 6.303999 25.374100 0.000000 -0.000000 -0.878485 -0.878485 -439.000000 -439 439 0
31.7780 219 STAB_ATTITUDE_MFC 6.403999 25.374100 0.000000 -0.000000 -0.523861 -0.523861 -263.000000 -263 263 0
31.8780 219 STAB_ATTITUDE_MFC 6.503999 25.374100 0.000000 -0.000000 -0.089966 -0.089966 -37.000000 -37 37 0
31.9780 219 STAB_ATTITUDE_MFC 6.604000 25.374100 0.000000 -0.000000 0.257619 0.257619 146.000000 146 0 146
32.0780 219 STAB_ATTITUDE_MFC 6.704000 25.374100 0.000000 -0.000000 0.419080 0.419080 235.000000 235 0 235
32.1780 219 STAB_ATTITUDE_MFC 6.803999 25.374100 0.000000 -0.000000 0.453092 0.453092 254.000000 254 0 254
32.2780 219 STAB_ATTITUDE_MFC 6.903999 25.374100 0.000000 -0.000000 0.461105 0.461105 256.000000 256 0 256
32.3780 219 STAB_ATTITUDE_MFC 7.003999 25.374100 0.000000 -0.000000 0.479472 0.479472 263.000000 263 0 263
32.4780 219 STAB_ATTITUDE_MFC 7.104000 25.374100 0.000000 -0.000000 0.505031 0.505031 275.000000 275 0 275
32.5780 219 STAB_ATTITUDE_MFC 7.204000 25.374100 0.000000 -0.000000 0.507062 0.507062 276.000000 276 0 276
32.6780 219 STAB_ATTITUDE_MFC 7.303999 25.374100 0.000000 -0.000000 0.507186 0.507186 274.000000 274 0 274
32.7780 219 STAB_ATTITUDE_MFC 7.403999 25.374100 0.000000 -0.000000 0.513711 0.513711 275.000000 275 0 275
32.8780 219 STAB_ATTITUDE_MFC 7.503999 25.374100 0.000000 -0.000000 0.516214 0.516214 275.000000 275 0 275
32.9780 219 STAB_ATTITUDE_MFC 7.604000 25.374100 0.000000 -0.000000 0.512478 0.512478 271.000000 271 0 271
33.0780 219 STAB_ATTITUDE_MFC 7.704000 25.374100 0.000000 -0.000000 0.513408 0.513408 271.000000 271 0 271
33.1780 219 STAB_ATTITUDE_MFC 7.803999 25.374100 0.000000 -0.000000 0.476973 0.476973 254.000000 254 0 254
33.2780 219 STAB_ATTITUDE_MFC 7.903999 25.374100 0.000000 -0.000000 0.269894 0.269894 155.000000 155 0 155
33.3780 219 STAB_ATTITUDE_MFC 8.004000 25.374100 0.000000 -0.000000 -0.163469 -0.163469 -64.000000 -64 64 0
33.4780 219 STAB_ATTITUDE_MFC 8.103999 25.374100 0.000000 -0.000000 -0.520346 -0.520346 -252.000000 -252 252 0
33.5780 219 STAB_ATTITUDE_MFC 8.204000 25.374100 0.000000 -0.000000 -0.785024 -0.785024 -389.000000 -389 389 0
33.6780 219 STAB_ATTITUDE_MFC 8.303999 25.374100 0.000000 -0.000000 -0.945078 -0.945078 -476.000000 -476 476 0
33.7780 219 STAB_ATTITUDE_MFC 8.403999 25.374100 0.000000 -0.000000 -0.928887 -0.928887 -471.000000 -471 471 0
33.8780 219 STAB_ATTITUDE_MFC 8.504000 25.374100 0.000000 -0.000000 -0.882395 -0.882395 -444.000000 -444 444 0
33.9780 219 STAB_ATTITUDE_MFC 8.603999 25.374100 0.000000 -0.000000 -0.882134 -0.882134 -441.000000 -441 441 0
34.0780 219 STAB_ATTITUDE_MFC 8.704000 25.374100 0.000000 -0.000000 -0.874103 -0.874103 -436.000000 -436 436 0
34.1780 219 STAB_ATTITUDE_MFC 8.803999 25.374100 0.000000 -0.000000 -0.845830 -0.845830 -420.000000 -420 420 0
34.2780 219 STAB_ATTITUDE_MFC 8.903999 25.374100 0.000000 -0.000000 -0.828197 -0.828197 -409.000000 -409 409 0
34.3780 219 STAB_ATTITUDE_MFC 9.004000 25.374100 0.000000 -0.000000 -0.817224 -0.817224 -401.000000 -401 401 0
34.4780 219 STAB_ATTITUDE_MFC 9.103999 25.374100 0.000000 -0.000000 -0.810298 -0.810298 -395.000000 -395 395 0
34.5780 219 STAB_ATTITUDE_MFC 9.204000 25.374100 0.000000 -0.000000 -0.807567 -0.807567 -392.000000 -392 392 0
34.6780 219 STAB_ATTITUDE_MFC 9.303999 25.374100 0.000000 -0.000000 -0.799245 -0.799245 -387.000000 -387 387 0
34.7780 219 STAB_ATTITUDE_MFC 9.403999 25.374100 0.000000 -0.000000 -0.786825 -0.786825 -378.000000 -378 378 0
34.8780 219 STAB_ATTITUDE_MFC 9.504000 25.374100 0.000000 -0.000000 -0.744622 -0.744622 -357.000000 -357 357 0
34.9780 219 STAB_ATTITUDE_MFC 9.603999 25.374100 0.000000 -0.000000 -0.601208 -0.601208 -287.000000 -287 287 0
35.0780 219 STAB_ATTITUDE_MFC 9.704000 25.374100 0.000000 -0.000000 -0.327666 -0.327666 -148.000000 -148 148 0
35.1780 219 STAB_ATTITUDE_MFC 9.803999 25.374100 0.000000 -0.000000 -0.083024 -0.083024 -16.000000 -16 16 0
35.2780 219 STAB_ATTITUDE_MFC 9.903999 25.374100 0.000000 -0.000000 0.031340 0.031340 46.000000 46 0 46
35.3780 219 STAB_ATTITUDE_MFC 10.004000 25.374100 0.000000 -0.000000 0.059309 0.059309 61.000000 61 0 61
35.4780 219 STAB_ATTITUDE_MFC 10.103999 25.374100 0.000000 -0.000000 0.058410 0.058410 61.000000 61 0 61
35.5780 219 STAB_ATTITUDE_MFC 10.204000 25.374100 0.000000 -0.000000 -0.023100 -0.023100 19.000000 19 0 19
35.6780 219 STAB_ATTITUDE_MFC 10.303999 25.374100 0.000000 -0.000000 -0.121238 -0.121238 -29.000000 -29 29 0
35.7780 219 STAB_ATTITUDE_MFC 10.403999 25.374100 0.000000 -0.000000 -0.234411 -0.234411 -91.000000 -91 91 0
35.8780 219 STAB_ATTITUDE_MFC 10.504000 25.374100 0.000000 -0.000000 -0.092366 -0.092366 -20.000000 -20 20 0
35.9780 219 STAB_ATTITUDE_MFC 10.603999 25.374100 0.000000 -0.000000 -0.066884 -0.066884 -1.000000 -1 1 0
36.0780 219 STAB_ATTITUDE_MFC 10.704000 25.374100 0.000000 -0.000000 -0.126497 -0.126497 -30.000000 -30 30 0
36.1780 219 STAB_ATTITUDE_MFC 10.803999 25.374100 0.000000 -0.000000 -0.101572 -0.101572 -21.000000 -21 21 0
36.2780 219 STAB_ATTITUDE_MFC 10.903999 25.374100 0.000000 -0.000000 -0.043997 -0.043997 10.000000 10 0 10
36.3780 219 STAB_ATTITUDE_MFC 11.004000 25.374100 0.000000 -0.000000 0.007939 0.007939 34.000000 34 0 34
36.4780 219 STAB_ATTITUDE_MFC 11.103999 25.374100 0.000000 -0.000000 0.140371 0.140371 98.000000 98 0 98
36.5780 219 STAB_ATTITUDE_MFC 11.204000 25.374100 0.000000 -0.000000 0.263197 0.263197 162.000000 162 0 162
36.6780 219 STAB_ATTITUDE_MFC 11.303999 25.374100 0.000000 -0.000000 0.270479 0.270479 169.000000 169 0 169
36.7780 219 STAB_ATTITUDE_MFC 11.403999 25.374100 0.000000 -0.000000 0.199767 0.199767 134.000000 134 0 134
36.8780 219 STAB_ATTITUDE_MFC 11.504000 25.374100 0.000000 -0.000000 0.110191 0.110191 84.000000 84 0 84
36.9780 219 STAB_ATTITUDE_MFC 11.603999 25.374100 0.000000 -0.000000 0.031866 0.031866 44.000000 44 0 44
37.0780 219 STAB_ATTITUDE_MFC 11.704000 25.374100 0.000000 0.000000 -0.135159 -0.135159 -40.000000 -40 40 0
37.1780 219 STAB_ATTITUDE_MFC 11.803999 25.374100 0.000000 0.000000 -0.168703 -0.168703 -63.000000 -63 63 0
37.2780 219 STAB_ATTITUDE_MFC 11.903999 25.374100 0.000000 0.000000 -0.080485 -0.080485 -16.000000 -16 16 0
37.3780 219 STAB_ATTITUDE_MFC 12.004000 25.374100 0.000000 0.000000 -0.156953 -0.156953 -49.000000 -49 49 0
37.4780 219 STAB_ATTITUDE_MFC 12.103999 25.374100 0.000000 0.000000 -0.171485 -0.171485 -60.000000 -60 60 0
37.5780 219 STAB_ATTITUDE_MFC 12.204000 25.374100 0.000000 0.000000 -0.098162 -0.098162 -23.000000 -23 23 0
37.6780 219 STAB_ATTITUDE_MFC 12.303999 25.374100 0.000000 0.000000 -0.055969 -0.055969 2.000000 2 0 2
37.7780 219 STAB_ATTITUDE_MFC 12.403999 25.374100 0.000000 0.000000 -0.074926 -0.074926 -6.000000 -6 6 0
37.8780 219 STAB_ATTITUDE_MFC 12.504000 25.374100 0.000000 0.000000 -0.101662 -0.101662 -18.000000 -18 18 0
37.9780 219 STAB_ATTITUDE_MFC 12.603999 25.374100 0.000000 0.000000 -0.125370 -0.125370 -28.000000 -28 28 0
38.0780 219 STAB_ATTITUDE_MFC 12.704000 25.374100 0.000000 0.000000 -0.138196 -0.138196 -35.000000 -35 35 0
38.1780 219 STAB_ATTITUDE_MFC 12.803999 25.374100 0.000000 0.000000 -0.111620 -0.111620 -21.000000 -21 21 0
38.2780 219 STAB_ATTITUDE_MFC 12.903999 25.374100 0.000000 0.000000 -0.072846 -0.072846 0.000000 0 0 0
38.3780 219 STAB_ATTITUDE_MFC 13.004000 25.374100 0.000000 0.000000 -0.029435 -0.029435 21.000000 21 0 21
38.4780 219 STAB_ATTITUDE_MFC 13.103999 25.374100 0.000000 0.000000 -0.017581 -0.017581 27.000000 27 0 27
38.5780 219 STAB_ATTITUDE_MFC 13.204000 25.374100 0.000000 0.000000 -0.002678 -0.002678 34.000000 34 0 34
38.6780 219 STAB_ATTITUDE_MFC 13.303999 25.374100 0.000000 0.000000 -0.004548 -0.004548 31.000000 31 0 31
38.7780 219 STAB_ATTITUDE_MFC 13.403999 25.374100 0.000000 0.000000 -0.003620 -0.003620 30.000000 30 0 30
38.8780 219 STAB_ATTITUDE_MFC 13.504000 25.374100 0.000000 0.000000 -0.003750 -0.003750 29.000000 29 0 29
38.9780 219 STAB_ATTITUDE_MFC 13.603999 25.374100 0.000000 0.000000 0.000903 0.000903 29.000000 29 0 29
39.0780 219 STAB_ATTITUDE_MFC 13.704000 25.374100 0.000000 0.000000 0.001635 0.001635 28.000000 28 0 28
39.1780 219 STAB_ATTITUDE_MFC 13.803999 25.374100 0.000000 0.000000 0.004012 0.004012 28.000000 28 0 28
39.2780 219 STAB_ATTITUDE_MFC 13.903999 25.374100 0.000000 0.000000 -0.002558 -0.002558 23.000000 23 0 23
39.3780 219 STAB_ATTITUDE_MFC 14.004000 25.374100 0.000000 0.000000 -0.002735 -0.002735 22.000000 22 0 22
39.4780 219 STAB_ATTITUDE_MFC 14.103999 25.374100 0.000000 0.000000 -0.002779 -0.002779 21.000000 21 0 21
39.5780 219 STAB_ATTITUDE_MFC 14.204000 25.374100 0.000000 0.000000 -0.002769 -0.002769 20.000000 20 0 20
39.6780 219 STAB_ATTITUDE_MFC 14.303999 25.374100 0.000000 0.000000 -0.002556 -0.002556 20.000000 20 0 20
39.7780 219 STAB_ATTITUDE_MFC 14.403999 25.374100 0.000000 0.000000 -0.002468 -0.002468 20.000000 20 0 20
39.8780 219 STAB_ATTITUDE_MFC 14.504000 25.374100 0.000000 0.000000 -0.002276 -0.002276 20.000000 20 0 20
39.9780 219 STAB_ATTITUDE_MFC 14.603999 25.374100 0.000000 0.000000 -0.002064 -0.002064 20.000000 20 0 20
40.0780 219 STAB_ATTITUDE_MFC 14.704000 25.374100 0.000000 0.000000 -0.001924 -0.001924 20.000000 20 0 20
40.1780 219 STAB_ATTITUDE_MFC 14.803999 25.374100 0.000000 0.000000 -0.001798 -0.001798 20.000000 20 0 20
40.2780 219 STAB_ATTITUDE_MFC 14.903999 25.374100 0.000000 0.000000 -0.001729 -0.001729 20.000000 20 0 20
40.3780 219 STAB_ATTITUDE_MFC 15.004000 25.374100 0.000000 0.000000 -0.000997 -0.000997 20.000000 20 0 20
40.4780 219 STAB_ATTITUDE_MFC 15.103999 25.374100 0.000000 0.000000 -0.001331 -0.001331 19.000000 19 0 19
40.5780 219 STAB_ATTITUDE_MFC 15.204000 25.374100 0.000000 0.000000 -0.001228 -0.001228 19.000000 19 0 19
40.6780 219 STAB_ATTITUDE_MFC 15.303999 25.374100 0.000000 0.000000 -0.001099 -0.001099 18.000000 18 0 18
40.7780 219 STAB_ATTITUDE_MFC 15.403999 25.374100 0.000000 0.000000 -0.000845 -0.000845 18.000000 18 0 18
40.8780 219 STAB_ATTITUDE_MFC 15.504000 25.374100 0.000000 0.000000 -0.000682 -0.000682 18.000000 18 0 18
40.9780 219 STAB_ATTITUDE_MFC 15.603999 25.374100 0.000000 0.000000 -0.000371 -0.000371 17.000000 17 0 17
41.0780 219 STAB_ATTITUDE_MFC 15.704000 25.374100 0.000000 0.000000 0.002426 0.002426 17.000000 17 0 17
41.1780 219 STAB_ATTITUDE_MFC 15.803999 25.374100 0.000000 0.000000 0.002167 0.002167 16.000000 16 0 16
41.2780 219 STAB_ATTITUDE_MFC 15.903999 25.374100 0.000000 0.000000 0.002719 0.002719 16.000000 16 0 16
41.3780 219 STAB_ATTITUDE_MFC 16.004000 25.374100 0.000000 0.000000 0.002306 0.002306 15.000000 15 0 15
41.4780 219 STAB_ATTITUDE_MFC 16.104000 25.374100 0.000000 0.000000 0.000689 0.000689 12.000000 12 0 12
41.5780 219 STAB_ATTITUDE_MFC 16.203999 25.374100 0.000000 0.000000 0.000879 0.000879 12.000000 12 0 12
41.6780 219 STAB_ATTITUDE_MFC 16.303999 25.374100 0.000000 0.000000 0.001817 0.001817 12.000000 12 0 12
41.7780 219 STAB_ATTITUDE_MFC 16.403999 25.374100 0.000000 0.000000 0.001844 0.001844 11.000000 11 0 11
41.8780 219 STAB_ATTITUDE_MFC 16.504000 25.374100 0.000000 0.000000 0.001914 0.001914 10.000000 10 0 10
41.9780 219 STAB_ATTITUDE_MFC 16.604000 25.374100 0.000000 0.000000 0.003937 0.003937 10.000000 10 0 10
42.0780 219 STAB_ATTITUDE_MFC 16.703999 25.374100 0.000000 0.000000 0.004485 0.004485 10.000000 10 0 10
42.1780 219 STAB_ATTITUDE_MFC 16.803999 25.374100 0.000000 0.000000 0.003931 0.003931 9.000000 9 0 9
42.2780 219 STAB_ATTITUDE_MFC 16.903999 25.374100 0.000000 0.000000 0.001149 0.001149 6.000000 6 0 6
42.3780 219 STAB_ATTITUDE_MFC 17.004000 25.374100 0.000000 0.000000 0.001715 0.001715 5.000000 5 0 5
42.4780 219 STAB_ATTITUDE_MFC 17.104000 25.374100 0.000000 0.000000 -0.001927 -0.001927 2.000000 2 0 2
